0.018
0.018
0.018
0.018
0.018
0.016
0.019
0.018
0.018
0.016
0.019
0.013
0.017
0.017
0.011
0.015
0.019
0.014
0.018
0.019
0.015
0.019
0.016
0.015
0.019
0.019
0.019
0.019
0.019
0.019
0.015
0.019
0.017
0.017
0.016
0.018
0.015
0.019
0.019
0.019
0.018
0.017
0.018
0.018
0.019
0.017
0.015
0.018
0.019
0.016
0.020
0.019
0.015
0.019
0.026
0.018
0.019
0.015
0.012
0.018
0.015
0.015
0.019
0.018
0.019
0.018
0.016
0.019
0.016
0.018
0.018
0.019
0.016
0.018
0.018
0.020
0.019
0.019
0.019
0.017
0.019
0.015
0.019
0.018
0.019
0.019
0.017
0.018
0.019
0.018
0.018
0.015
0.019
0.018
0.019
0.018
0.018
0.018
0.019
0.019
0.018
0.016
0.015
0.016
0.014
0.019
0.018
0.008
0.017
0.018
0.020
0.015
0.016
0.020
0.016
0.019
0.014
0.010
0.019
0.018
0.019
0.019
0.018
0.018
0.018
0.018
0.016
0.009
0.019
0.018
0.018
0.018
0.019
0.019
0.019
0.018
0.018
0.018
0.015
0.017
0.017
0.019
0.016
0.018
0.019
0.019
0.018
0.018
0.017
0.016
0.017
0.018
0.017
0.018
0.019
0.017
0.015
0.011
0.017
0.017
0.019
0.018
0.019
0.016
0.018
0.018
0.018
0.018
0.018
0.018
0.016
0.015
0.010
0.018
0.015
0.017
0.018
0.019
0.018
0.019
0.018
0.015
0.019
0.018
0.018
0.018
0.018
0.016
0.018
0.017
0.018
0.017
0.018
0.018
0.015
0.017
0.018
0.018
0.016
0.018
0.015
0.018
0.018
0.018
0.019
0.016
0.018
0.016
0.019
0.018
0.018
0.019
0.018
0.018
0.018
0.019
0.018
0.030
0.018
0.019
0.017
0.018
0.019
0.017
0.015
0.019
0.020
0.019
0.018
0.018
0.018
0.019
0.015
0.019
0.019
0.018
0.016
0.019
0.018
0.018
0.019
0.018
0.019
0.015
0.018
0.019
0.019
0.019
0.014
0.018
0.017
0.018
0.017
0.016
0.019
0.015
0.022
0.017
0.020
0.019
0.017
0.029
0.019
0.017
0.025
0.017
0.023
0.019
0.015
0.030
0.019
0.015
0.028
0.025
0.015
0.017
0.020
0.021
0.015
0.021
0.018
0.026
0.020
0.015
0.016
0.017
0.027
0.025
0.020
0.022
0.023
0.025
0.018
0.018
0.028
0.017
0.019
0.018
0.018
0.017
0.015
0.018
0.018
0.019
0.017
0.026
0.020
0.013
0.008
0.015
0.028
0.017
0.020
0.015
0.023
0.018
0.015
0.012
0.016
0.018
0.018
0.018
0.018
0.015
0.023
0.016
0.011
0.014
0.019
0.015
0.016
0.019
0.019
0.015
0.018
0.019
0.020
0.016
0.015
0.014
0.012
0.014
0.023
0.013
0.019
0.016
0.019
0.018
0.019
0.018
0.015
0.018
0.017
0.016
0.016
0.018
0.028
0.016
0.016
0.018
0.017
0.015
0.027
0.010
0.019
0.019
0.016
0.020
0.026
0.020
0.020
0.018
0.023
0.012
0.016
0.025
0.016
0.016
0.023
0.017
0.024
0.020
0.015
0.016
0.019
0.008
0.016
0.018
0.018
0.016
0.019
0.018
0.014
0.020
0.018
0.014
0.016
0.008
0.017
0.019
0.018
0.018
0.020
0.009
0.014
0.023
0.011
0.018
0.018
0.016
0.018
0.018
0.026
0.021
0.019
0.031
0.026
0.017
0.020
0.020
0.019
0.023
0.027
0.018
0.020
0.021
0.019
0.023
0.022
0.020
0.019
0.019
0.025
0.024
0.022
0.016
0.021
0.030
0.024
0.024
0.021
0.027
0.021
0.019
0.015
0.024
0.017
0.015
0.016
0.017
0.029
0.016
0.015
0.015
0.015
0.020
0.015
0.018
0.015
0.019
0.018
0.017
0.016
0.013
0.018
0.018
0.018
0.018
0.018
0.015
0.016
0.015
0.014
0.018
0.016
0.018
0.017
0.017
0.015
0.019
0.018
0.019
0.016
0.025
0.015
0.028
0.014
0.015
0.018
0.015
0.014
0.027
0.014
0.016
0.027
0.017
0.016
0.021
0.018
0.017
0.023
0.016
0.016
0.036
0.016
0.017
0.016
0.019
0.019
0.017
0.011
0.018
0.017
0.015
0.015
0.016
0.018
0.017
0.017
0.019
0.021
0.018
0.018
0.018
0.017
0.018
0.018
0.016
0.018
0.020
0.016
0.015
0.013
0.008
0.018
0.011
0.015
0.019
0.018
0.017
0.018
0.017
0.016
0.018
0.015
0.016
0.016
0.015
0.019
0.023
0.018
0.018
0.015
0.019
0.015
0.019
0.019
0.018
0.018
0.016
0.019
0.013
0.016
0.017
0.018
0.015
0.015
0.023
0.018
0.011
0.018
0.018
0.016
0.013
0.019
0.018
0.015
0.017
0.018
0.017
0.015
0.018
0.019
0.018
0.018
0.017
0.017
0.015
0.018
0.018
0.018
0.018
0.019
0.016
0.018
0.018
0.018
0.018
0.017
0.019
0.017
0.020
0.018
0.018
0.017
0.015
0.018
0.013
0.018
0.015
0.018
0.018
0.018
0.018
0.019
0.019
0.020
0.013
0.015
0.014
0.008
0.008
0.018
0.015
0.019
0.018
0.018
0.016
0.018
0.019
0.015
0.018
0.019
0.018
0.019
0.018
0.018
0.018
0.018
0.015
0.019
0.017
0.019
0.019
0.020
0.008
0.019
0.017
0.018
0.018
0.017
0.020
0.019
0.018
0.017
0.016
0.016
0.016
0.019
0.020
0.019
0.017
0.021
0.018
0.019
0.019
0.018
0.018
0.019
0.017
0.020
0.019
0.019
0.016
0.020
0.018
0.011
0.011
0.010
0.010
0.008
0.019
0.016
0.019
0.016
0.019
0.019
0.016
0.018
0.016
0.016
0.019
0.017
0.019
0.020
0.019
0.019
0.023
0.020
0.020
0.018
0.017
0.015
0.020
0.019
0.021
0.015
0.017
0.020
0.020
0.017
0.019
0.020
0.019
0.024
0.018
0.018
0.016
0.017
0.018
0.017
0.019
0.016
0.015
0.016
0.018
0.017
0.019
0.015
0.019
0.016
0.017
0.020
0.016
0.017
0.016
0.019
0.018
0.020
0.025
0.018
0.016
0.018
0.019
0.020
0.015
0.017
0.017
0.019
0.018
0.021
0.020
0.020
0.020
0.023
0.025
0.021
0.017
0.020
0.018
0.021
0.016
0.018
0.017
0.016
0.019
0.017
0.016
0.018
0.015
0.019
0.015
0.018
0.014
0.019
0.018
0.019
0.019
0.017
0.019
0.018
0.017
0.019
0.018
0.017
0.016
0.017
0.016
0.019
0.017
0.018
0.015
0.017
0.016
0.017
0.017
0.019
0.020
0.018
0.017
0.020
0.017
0.019
0.021
0.017
0.020
0.017
0.016
0.020
0.019
0.018
0.019
0.017
0.016
0.018
0.020
0.018
0.019
0.020
0.018
0.020
0.017
0.019
0.021
0.015
0.016
0.019
0.016
0.015
0.019
0.020
0.019
0.021
0.020
0.018
0.021
0.018
0.018
0.020
0.020
0.018
0.020
0.022
0.021
0.022
0.021
0.016
0.022
0.019
0.023
0.020
0.019
0.019
0.015
0.019
0.018
0.014
0.012
0.017
0.012
0.013
0.012
0.015
0.012
0.013
0.010
0.010
0.010
0.010
0.011
0.010
0.011
0.010
0.012
0.015
0.016
0.019
0.022
0.018
0.017
0.020
0.018
0.009
0.009
0.024
0.014
0.020
0.009
0.018
0.019
0.018
0.015
0.013
0.014
0.018
0.018
0.020
0.018
0.017
0.017
0.019
0.017
0.015
0.028
0.018
0.018
0.018
0.018
0.019
0.015
0.018
0.014
0.019
0.018
0.018
0.016
0.014
0.019
0.018
0.017
0.019
0.024
0.019
0.019
0.019
0.017
0.019
0.015
0.017
0.015
0.013
0.017
0.018
0.018
0.016
0.019
0.015
0.018
0.018
0.019
0.018
0.016
0.019
0.017
0.018
0.019
0.013
0.020
0.016
0.017
0.018
0.019
0.016
0.018
0.018
0.017
0.018
0.015
0.018
0.018
0.021
0.017
0.015
0.013
0.018
0.018
0.017
0.019
0.018
0.018
0.018
0.016
0.018
0.019
0.018
0.015
0.016
0.018
0.013
0.019
0.019
0.017
0.019
0.016
0.018
0.016
0.012
0.018
0.020
0.018
0.018
0.018
0.016
0.017
0.018
0.015
0.018
0.018
0.023
0.016
